30.00  	30.00  	30.00  	30.00  	30.00  	30.00  	30.00  	30.00  	30.00  	30.00  	

30.00  	27.89  	26.18  	24.97  	24.33  	24.34  	25.06  	26.41  	28.16  	30.00  	

30.00  	26.18  	23.07  	20.86  	19.69  	19.74  	21.07  	23.52  	26.69  	30.00  	

30.00  	24.97  	20.86  	17.92  	16.39  	16.49  	18.29  	21.55  	25.70  	30.00  	

30.00  	24.33  	19.69  	16.39  	14.71  	14.89  	16.97  	20.65  	25.26  	30.00  	

30.00  	24.34  	19.74  	16.49  	14.89  	15.15  	17.29  	20.93  	25.43  	30.00  	

30.00  	25.06  	21.07  	18.29  	16.97  	17.29  	19.18  	22.33  	26.15  	30.00  	

30.00  	26.41  	23.52  	21.55  	20.65  	20.93  	22.33  	24.58  	27.28  	30.00  	

30.00  	28.16  	26.69  	25.70  	25.26  	25.43  	26.15  	27.28  	28.64  	30.00  	

30.00  	30.00  	30.00  	30.00  	30.00  	30.00  	30.00  	30.00  	30.00  	30.00  	

