30.00  	30.00  	30.00  	30.00  	30.00  	30.00  	30.00  	30.00  	30.00  	30.00  	

30.00  	28.09  	26.53  	25.43  	24.87  	24.92  	25.60  	26.82  	28.38  	30.00  	

30.00  	26.53  	23.69  	21.68  	20.67  	20.79  	22.05  	24.28  	27.09  	30.00  	

30.00  	25.43  	21.68  	19.04  	17.73  	17.92  	19.62  	22.56  	26.23  	30.00  	

30.00  	24.87  	20.67  	17.73  	16.31  	16.59  	18.54  	21.82  	25.87  	30.00  	

30.00  	24.92  	20.79  	17.92  	16.59  	16.94  	18.90  	22.12  	26.03  	30.00  	

30.00  	25.60  	22.05  	19.62  	18.54  	18.90  	20.61  	23.36  	26.67  	30.00  	

30.00  	26.82  	24.28  	22.56  	21.82  	22.12  	23.36  	25.32  	27.66  	30.00  	

30.00  	28.38  	27.09  	26.23  	25.87  	26.03  	26.67  	27.66  	28.83  	30.00  	

30.00  	30.00  	30.00  	30.00  	30.00  	30.00  	30.00  	30.00  	30.00  	30.00  	

