30.00  	30.00  	30.00  	30.00  	30.00  	30.00  	30.00  	30.00  	30.00  	30.00  	

30.00  	23.32  	19.70  	18.03  	17.34  	17.07  	16.97  	18.18  	23.10  	30.00  	

30.00  	19.70  	13.73  	10.78  	9.47  	8.93  	8.72  	10.94  	18.96  	30.00  	

30.00  	18.03  	10.78  	7.04  	5.31  	4.57  	4.26  	7.02  	16.68  	30.00  	

30.00  	17.34  	9.47  	5.31  	3.33  	2.45  	2.08  	5.07  	15.52  	30.00  	

30.00  	17.07  	8.93  	4.57  	2.45  	1.49  	1.07  	4.16  	14.95  	30.00  	

30.00  	16.97  	8.72  	4.26  	2.08  	1.07  	0.64  	3.76  	14.69  	30.00  	

30.00  	18.18  	10.94  	7.02  	5.07  	4.16  	3.76  	6.91  	17.91  	30.00  	

30.00  	23.10  	18.96  	16.68  	15.52  	14.95  	14.69  	17.91  	23.95  	30.00  	

30.00  	30.00  	30.00  	30.00  	30.00  	30.00  	30.00  	30.00  	30.00  	30.00  	

