30.00  	30.00  	30.00  	30.00  	30.00  	30.00  	30.00  	30.00  	30.00  	30.00  	

30.00  	24.85  	21.65  	19.94  	19.12  	18.76  	18.91  	20.74  	24.92  	30.00  	

30.00  	21.65  	16.22  	13.17  	11.63  	10.92  	11.26  	14.49  	21.52  	30.00  	

30.00  	19.94  	13.17  	9.24  	7.19  	6.21  	6.64  	10.72  	19.44  	30.00  	

30.00  	19.12  	11.63  	7.19  	4.82  	3.65  	4.11  	8.63  	18.26  	30.00  	

30.00  	18.76  	10.92  	6.21  	3.65  	2.36  	2.82  	7.54  	17.62  	30.00  	

30.00  	18.91  	11.26  	6.64  	4.11  	2.82  	3.29  	8.11  	18.41  	30.00  	

30.00  	20.74  	14.49  	10.72  	8.63  	7.54  	8.11  	13.01  	21.34  	30.00  	

30.00  	24.92  	21.52  	19.44  	18.26  	17.62  	18.41  	21.34  	25.67  	30.00  	

30.00  	30.00  	30.00  	30.00  	30.00  	30.00  	30.00  	30.00  	30.00  	30.00  	

