30.00  	30.00  	30.00  	30.00  	30.00  	30.00  	30.00  	30.00  	30.00  	30.00  	

30.00  	26.50  	23.98  	22.37  	21.46  	21.18  	21.81  	23.72  	26.71  	30.00  	

30.00  	23.98  	19.52  	16.61  	14.92  	14.42  	15.60  	19.01  	24.24  	30.00  	

30.00  	22.37  	16.61  	12.75  	10.48  	9.79  	11.35  	15.76  	22.52  	30.00  	

30.00  	21.46  	14.92  	10.48  	7.83  	7.01  	8.78  	13.81  	21.53  	30.00  	

30.00  	21.18  	14.42  	9.79  	7.01  	6.16  	8.07  	13.46  	21.45  	30.00  	

30.00  	21.81  	15.60  	11.35  	8.78  	8.07  	10.13  	15.30  	22.52  	30.00  	

30.00  	23.72  	19.01  	15.76  	13.81  	13.46  	15.30  	19.31  	24.62  	30.00  	

30.00  	26.71  	24.24  	22.52  	21.53  	21.45  	22.52  	24.62  	27.31  	30.00  	

30.00  	30.00  	30.00  	30.00  	30.00  	30.00  	30.00  	30.00  	30.00  	30.00  	

