30.00  	30.00  	30.00  	30.00  	30.00  	30.00  	30.00  	30.00  	30.00  	30.00  	

30.00  	26.99  	24.72  	23.20  	22.32  	22.14  	22.87  	24.65  	27.22  	30.00  	

30.00  	24.72  	20.66  	17.88  	16.28  	15.95  	17.29  	20.48  	25.06  	30.00  	

30.00  	23.20  	17.88  	14.18  	12.02  	11.58  	13.35  	17.54  	23.53  	30.00  	

30.00  	22.32  	16.28  	12.02  	9.52  	9.01  	11.06  	15.90  	22.72  	30.00  	

30.00  	22.14  	15.95  	11.58  	9.01  	8.54  	10.80  	15.86  	22.77  	30.00  	

30.00  	22.87  	17.29  	13.35  	11.06  	10.80  	13.05  	17.68  	23.77  	30.00  	

30.00  	24.65  	20.48  	17.54  	15.90  	15.86  	17.68  	21.15  	25.56  	30.00  	

30.00  	27.22  	25.06  	23.53  	22.72  	22.77  	23.77  	25.56  	27.78  	30.00  	

30.00  	30.00  	30.00  	30.00  	30.00  	30.00  	30.00  	30.00  	30.00  	30.00  	

